358
525
693
1028
2034
2369
2537
3039
3542
3626
3710
4715
4883
5218
5553
6391
6727
7062
7397
7732
8067
8403
9073
9408
9743
10246
10749
11755
12090
12425
12760
13766
14101
14436
14939
15274
15777
16447
16782
17118
17620
17788
18458
18961
19129
19799
20134
20470
20972
21140
21643
21810
22146
22481
22984
23486
23654
23822
24492
24827
25162
26000
26336
26503
27509
27844
28682
29017
29185
30023
30190
30525
31028
31196
31699
31866
32537
32872
33207
33710
34045
34213
35051
35553
35889
36391
36727
36894
37732
38235
38570
39073
39408
39743
39911
40246
40581
41084
41252
41755
42090
42257
43263
43933
45944
46112
46280
46615
47453
47620
47956
48626
49129
49296
50302
50470
50637
51140
51475
51643
51978
52481
52648
53151
53318
53822
53989
54492
54660
55162
55498
55833
56168
56336
56671
57341
57844
58012
58347
58682
59352
59855
60023
60861
61028
61363
61531
62034
62201
62537
62704
63207
63375
63877
64045
64548
64716
65218
65386
65889
66224
66559
67062
67397
67732
68067
68570
69073
69408
69743
70079
70246
70581
71084
71252
71755
71922
72425
72593
72760
73095
73263
73431
73933
74101
74269
74771
75274
75609
75693
75777
76112
76280
76615
76782
77118
77285
78123
78458
78794
82816
84157
84827
85498
85665
86168
86336
87006
87174
87844
88179
88347
88682
89017
89855
90190
90525
90861
91363
91531
91866
92034
92201
92704
92872
93542
93710
94213
94715
94883
95218
95553
95889
96224
96559
96727
97062
97229
98235
98570
98905
99408
99743
100079
100246
101252
101587
102090
102593
102928
103431
103598
103933
104604
104939
105442
105609
106447
106950
107453
107788
107956
108794
109296
109632
110134
110637
110972
111475
111978
112313
112816
112984
113151
113486
113654
114157
114324
114660
114995
115498
115833
116168
116503
116587
116671
117006
117676
119688
119855
120023
120358
121196
121363
121699
122369
122537
122704
123039
123542
123710
124045
124380
124548
124883
125051
125218
125721
126224
126391
126894
127061
127565
127732
128235
128403
128738
128905
129408
129576
129911
130079
130414
131084
131922
132090
132425
133095
133431
133766
134604
134771
135274
135442
135609
136112
136280
136447
136950
137118
137620
137788
138291
138459
138961
139129
139464
139632
139967
140302
140805
141308
141475
141810
142313
142816
143822
143989
144073
144157
144324
144827
144995
145498
145665
146168
146336
146503
146838
147174
147509
147676
148179
148514
149017
149185
149352
149436
149520
149855
150023
150358
150525
150861
151028
151531
151866
152201
152537
153039
168626
169129
169296
169632
169967
170470
170637
170805
171140
171308
171643
171978
172313
172648
172984
173486
173989
174827
174995
175330
175498
175833
176000
176336
176671
177174
177676
178012
187900
188067
188570
188737
189241
189408
189911
190079
190581
190917
191252
191587
191755
192090
192257
192425
192760
193095
193431
194268
194436
194771
195442
195944
196112
196447
197118
197285
197620
198123
198291
198794
199296
199464
199967
200134
200637
200805
201308
201475
201978
202313
202648
202984
203151
203486
204157
204995
205162
205498
206000
206168
206671
206838
207844
208347
208514
208682
209017
209520
210023
210190
210693
210860
211363
211530
212034
212201
212704
213039
213375
213877
214045
214548
214715
214799
214883
215386
215553
215889
216224
216894
217062
217397
217900
218235
218570
218905
219241
219408
219799
220246
220749
221084
221587
222090
222174
222257
222425
222593
222928
223095
223431
223598
223933
224101
224604
224771
224855
224939
225106
225609
226112
226280
226782
226950
227453
227788
227956
228626
228961
229296
229464
229967
230134
230470
230805
230972
231308
231643
232146
232481
232816
233319
233989
234324
234827
235162
235498
235833
236168
236336
