629
1743
2856
3414
3553
3971
4807
5085
5642
6060
6757
7035
7314
8706
8985
9542
10656
11771
12328
12467
12885
13720
13999
14556
15113
15670
15810
16506
16784
17342
18177
18489
19060
19631
19898
20175
20490
20648
22802
23293
23785
24277
24769
25261
25752
26244
26736
27228
27720
28211
28703
29195
29687
30179
30424
30670
31162
31408
31654
32146
32515
32638
33129
33375
33621
34113
34482
34605
35097
35342
35588
36080
36449
36572
37064
37310
37556
37924
38047
38293
38539
39277
39400
39523
40015
40506
41244
41490
41859
41982
42474
43211
43457
43949
44441
45179
45424
45916
46408
46900
47146
47268
47391
47638
47883
48375
49113
49236
49359
49605
49851
50342
50588
50834
51080
51326
51572
51818
52310
52433
52556
52802
53293
53785
54277
54769
55015
55138
55261
55752
56244
56736
57228
57474
57720
58211
58703
58949
59072
59195
59687
59933
60179
60670
60916
61162
61531
61654
62146
62638
62883
63006
63129
63621
64113
64605
64851
65097
65342
65588
66080
66572
66818
67064
67556
67802
68539
69031
69277
69400
69523
69769
70015
70506
70998
71490
71982
72474
72966
73457
73703
73949
74072
77883
78375
78867
79359
79851
80097
80342
80465
80834
81326
81818
82064
82310
82679
83293
83539
83785
84277
84769
85261
85506
85629
85752
86244
86736
87228
87720
87965
88211
88334
88703
89195
89687
89933
90179
90670
90916
91162
91285
91654
91900
92146
92392
92638
92883
93129
93375
93498
93621
94113
94605
95097
95588
95834
96080
96203
96572
97064
97556
97802
98047
98416
98785
99031
99277
99523
100015
100506
100752
100998
101244
101367
101490
101982
102474
102965
103457
103703
103949
104072
104441
104933
105424
105670
105916
106162
106408
106654
106900
107023
107392
107638
107883
108375
108621
108867
109113
109236
109359
109851
110342
110588
110711
110834
111203
111326
111818
112310
112556
112679
112802
113170
113293
113785
114277
114523
114646
114769
115138
115261
115752
116244
116490
116736
116982
117105
117228
117965
118088
118211
118703
119195
119933
120056
120179
120547
120670
121162
121900
122146
122269
122638
122883
123129
123621
123744
124113
124359
124605
125097
125588
125834
125957
126080
126572
127064
127556
127802
127924
128047
128293
128539
129031
129277
129523
129769
130015
130261
130506
130752
130875
130998
131367
131490
131982
132228
132351
132474
132720
132965
133457
133949
134318
134441
134933
135424
135916
136162
136408
136654
136777
136900
137269
137392
137883
138129
138375
138621
138744
138867
139359
139851
140097
140220
140342
140588
140834
141326
141818
142310
142802
143293
143785
144277
144523
144769
144892
148703
149195
149687
150179
150670
150916
151162
151285
151654
152023
152146
152638
152883
153129
153498
154113
154359
154605
155097
155588
155834
156080
156326
156449
156572
157064
157556
158047
158539
158785
159031
159154
159523
159892
160015
160506
160752
160998
161490
161736
161982
162105
162474
162720
162965
163211
163457
163703
163949
164195
164318
164441
164933
165424
165916
166408
166654
166900
167023
167392
167761
167883
168375
168621
168867
169236
169605
169851
170097
170342
170834
171326
171572
171818
172064
172187
172310
172802
173293
173785
174277
174523
174769
174892
175261
175629
175752
176244
176490
176736
177228
177474
177720
177842
178211
178457
178703
179195
179441
179687
179933
180056
180179
184113
184605
185097
185588
186080
186572
187064
187556
188047
188539
189031
189523
190015
190507
190999
191491
191982
192474
192965
193457
193949
194441
194933
195424
195916
196408
196900
197392
197883
198129
198375
198621
198867
199113
199359
199482
199605
199728
199851
202073
205406
206736
207227
207719
208211
208703
208949
209195
209317
209686
210055
210178
210670
210916
211162
211531
211899
212145
212391
212637
213129
213621
213867
214113
214358
214481
214604
215096
215588
216080
216572
216817
217063
217186
217555
217924
218047
218539
218785
219031
219522
219768
220014
220137
220506
220752
220998
221244
221490
221736
221981
222227
222350
222473
222965
223457
223949
224440
224686
224932
225055
225424
225793
225916
226408
226654
226899
227268
227883
228129
228375
228867
229358
229604
229850
230096
230219
230342
230834
231326
231817
232309
232555
232801
232924
233293
233662
233785
234276
234522
234768
235260
235506
235752
235875
236244
236490
236736
237227
237473
237596
237719
237965
238088
238211
238457
238703
238826
239072
239317
239563
239932
240055
240424
240547
240670
240793
240916
241039
241285
241408
241654
242022
242145
242391
242637
242760
243006
243252
243498
243867
243990
244358
244481
244604
244727
244850
244973
245219
245342
245588
245834
245957
246080
246326
246572
246695
246940
247186
247432
247801
247924
248293
248416
248539
248662
248785
248908
249154
249276
249522
249891
250014
250260
250506
250629
250875
251121
251367
251736
251858
251981
252104
