39051
39448
41194
47772
48251
49005
49552
49744
53797
54142
54634
55135
55310
55792
57230
59529
59745
62989
64272
65562
66610
67550
69548
71008
71876
74103
74378
75440
77904
82424
82643
83322
86377
86702
86887
87074
89487
90126
90533
92149
92561
95259
96304
97946
101106
103074
105156
107890
110196
110379
110544
110738
111534
111747
111904
115592
118797
124481
125826
128647
129492
129676
131569
132539
133665
134698
137021
137985
138222
138482
138702
138881
139146
139362
139583
140342
140512
141360
141578
141791
142147
142311
143731
143958
145058
145433
145613
146998
200577
200732
4767
7811
8758
8922
9125
9310
9720
10386
11427
11733
13443
13727
15977
7247
7418
7582
7727
7890
8245
5811
4893
5601
10868
4276
4470
4824
4991
5146
5327
5510
5665
5837
5998
6207
6421
6614
6776
6943
7107
7253
7449
7629
5018
5212
3630
4641
4977
5819
5992
6193
6336
6483
6719
7078
7263
7443
13691
13868
14021
14151
14291
14522
14697
3739
4551
5039
5784
5953
6117
6258
6409
6745
3249
3483
3655
3805
4002
4247
4740
3620
4873
4884
5508
3451
3631
3794
4001
4155
4386
4594
4829
5033
5217
5411
4595
5004
5453
5652
6077
6651
7082
7249
7425
7682
3604
3923
4085
4441
4857
3908
4363
4839
5258
5597
6447
6644
7007
3913
4933
10064
10538
10945
11559
11774
3869
4053
4221
4493
4663
5731
6172
7276
