24383
25132
25693
25881
26630
27192
27379
28128
28690
28877
29439
29626
30001
30375
30937
31124
31499
31873
32435
32997
33371
33933
34120
34495
34869
35618
36377
36939
37314
37502
37876
38440
39002
39190
39377
39752
40127
40503
40878
42003
42378
42753
43128
44253
44629
45004
45394
45582
45771
45960
46148
46714
46903
47092
47280
47658
48395
48957
49145
49707
50270
50645
51020
51395
51958
52145
52708
52896
53458
53833
54021
54396
55334
55522
55896
56459
56647
57209
57772
58147
58522
58710
58897
59272
59647
60022
60210
60398
60960
61148
61710
61898
62461
63023
63398
63961
64148
64711
64899
65649
66399
67149
67712
68274
68650
69212
69400
69962
70149
70713
70900
71275
71650
72025
72401
72963
73526
73901
74464
74839
75026
75401
75964
76151
76714
76902
77277
77652
77839
78214
78402
78965
79152
79715
80277
80465
80653
81028
81403
81965
82153
82716
83091
83278
83653
84028
84404
84966
85154
85716
86279
86654
87217
87779
88154
88530
88905
90030
90405
91155
92468
92656
93406
93593
93781
93968
94156
94531
94906
95281
95656
96031
96407
96969
97157
97719
97907
98470
98657
99220
99407
99970
100533
100908
101283
101658
102408
102971
103158
103533
103908
104659
105221
105784
106159
106534
106909
107284
107659
108034
108222
108410
108972
109160
109722
109910
110473
110660
111035
111410
112536
112911
113473
113848
114223
114411
115161
115724
115911
116286
116647
117387
117601
