738
1822
2183
2906
3629
4713
5075
5798
6159
6521
7605
7966
8689
9412
10497
10858
11942
12304
13388
13750
15195
16280
16641
18087
18810
19533
20978
22063
22424
23147
23870
24954
25316
26762
27846
28207
29653
30376
31099
32183
32545
33629
33991
34713
35075
35436
36521
36882
37966
38328
39412
39774
40858
41219
42304
42665
43750
44111
45195
45557
46641
47003
48087
48448
49533
49894
50617
50978
51340
52424
52786
53870
54231
55316
55677
56762
57123
58207
58569
59653
60015
61099
61460
62545
62906
63991
64352
65436
65798
66521
67244
68328
68689
69774
70135
70858
71581
72665
73027
73750
74472
75557
75918
77003
77364
78448
78810
79894
80256
81701
82786
83147
83509
