154
383
612
841
1070
1299
2445
2674
2903
3590
3819
4048
4277
4506
4735
4964
6567
7483
7712
7941
8170
8399
8628
9773
10002
10231
10689
10918
11147
11605
11834
11948
12063
12177
12292
14124
14925
15040
15956
17559
17788
18590
18704
19620
19964
20193
20307
20422
20536
20651
20765
20880
20994
21109
21223
21338
21910
22139
22368
22712
23055
23284
23513
23742
24200
24429
24887
25116
25231
25574
25803
26032
26261
26376
26719
26948
27177
27406
27635
28322
28551
28780
29009
29124
29238
29467
29696
29925
30040
30383
30612
30841
31070
31528
31758
32445
32559
32674
32788
32903
33132
33361
33590
33819
34277
34506
34735
34964
35193
35422
35651
36338
36567
37025
37139
37254
37368
37483
37712
37941
38170
38857
38971
39086
39200
39315
39544
39773
40002
40231
40689
40918
41147
41376
41605
41834
42063
42750
42979
43208
43437
43895
44353
44582
44811
45040
45269
45498
45727
46414
46643
47101
47330
47559
47788
48017
48246
48475
48704
48933
49162
49391
49620
50078
50307
50536
50765
50994
51223
52368
52597
52826
53513
53742
53857
53971
54200
54429
54658
54887
56490
57177
57406
57635
57864
58093
58322
58551
59696
59811
59925
60040
60154
60612
60841
61070
61528
61757
61872
61987
62101
62216
64048
64735
64964
65193
65422
65536
65651
65880
66338
66796
67025
67254
67483
68170
68399
68513
68628
68857
69086
69315
69544
70002
70460
70918
71147
71834
72063
72292
72406
72521
72750
72979
73208
73666
74124
74353
74467
74582
74696
74811
75269
75498
75727
76185
76414
76528
76643
76757
76872
77330
77788
78246
78704
79620
80078
80536
80994
81452
81910
82139
82368
82826
83284
83742
84200
