15984
16859
17984
18859
19984
20859
21984
22984
23984
24859
25984
26484
26859
27984
28859
29359
29984
30984
31984
33234
33484
33984
34859
35484
35984
37984
38984
39984
40859
41984
43234
43484
43984
44984
45984
46984
47984
48984
49484
49984
50484
51984
52984
53484
53984
54984
55984
56984
57984
59484
59984
63984
64984
66484
67984
68984
69984
70484
70984
71984
73984
75484
75984
76984
95984
96859
97984
98484
98859
99984
100859
101359
101984
102859
103359
103984
104859
105984
106484
106859
107984
108859
110234
110984
111984
112734
112984
113984
114734
114984
115984
117234
117484
117984
118984
119734
119984
120984
121984
122984
123984
124484
124984
125984
126984
127984
128984
129484
129984
131234
131484
131984
132984
133984
134484
134984
135984
136984
137734
137984
139484
139984
140859
141984
142859
143359
143984