4054
4728
5402
6076
8099
8773
9447
10121
11469
12818
13492
14166
14840
15514
16188
17031
17200
17368
17537
18211
18548
18717
19222
19559
19728
19896
20065
20571
20908
21245
21413
21919
22087
22424
22593
22762
22930
23604
23941
24110
24615
24953
25121
25290
25458
25964
26301
26638
26975
27144
27312
27649
27818
27987
28155
28660
28997
29335
29503
29672
29840
30009
30177
30346
30683
30851
31357
31694
31863
32031
32200
32368
32537
32705
32874
33042
33211
33379
33548
33717
34391
34728
34896
35402
35739
35908
36076
36245
36750
37087
37424
37593
37762
38099
38267
38436
38604
38773
38941
39447
39784
40121
40290
40627
40795
41132
41469
41638
42144
42312
42481
42986
43492
43660
43829
43913
43997
44081
44166
44503
44587
44671
44755
44840
45177
45262
46526
46694
47874
48042
49222
49390
50570
50738
51076
51160
51245
51582
51919
52087
52593
53267
53435
53941
54447
54615
54953
55121
55290
55627
55795
55964
56301
56469
56638
56975
57312
57986
58660
58745
60009
60177
60346
60514
60683
60851
61020
61188
61357
61526
61694
61863
62031
62200
62368
62537
63042
63210
63379
63547
63716
63884
64053
64222
64390
64559
64727
64896
65064
65233
65739
65908
66076
66245
66413
66581
66750
66919
67256
67762
68099
68267
68436
68773
68941
69109
69278
69447
69615
69784
69952
70121
70458
70795
71301
71638
71806
72144
72312
72818
72986
73492
73660
74167
74335
74840
75009
75346
75514
75683
76020
76188
76356
76525
76694
77705
77874
78042
78211
78548
78885
79222
79391
79896
80233
80402
80739
80908
81076
81245
81582
81919
82087
82593
82762
82930
83099
83436
83941
84110
84278
84447
84615
84784
84952
85121
85289
85458
85627
85795
86132
86301
86638
86806
87312
87481
87649
87818
87986
88155
88323
88660
88997
89166
89335
89503
91694
91778
