427,2207
411,2471
395,2559
209,2912
226,3265
73,3442
41,3618
57,3882
71,3971
167,4236
167,4324
317,4677
167,4854
404,5030
296,5295
296,5383
400,5736
197,5912
228,6089
17,6354
17,6442
25,6706
35,6795
194,7148
299,7412
299,7501
211,7677
194,7854
186,8118
179,8206
278,8559
341,8736
218,8912
396,9177
352,9265
341,9530
330,9618
415,9971
212,10236
212,10324
122,10501
249,10677
236,10942
223,11030
416,11295
416,11383
165,11736
305,11912
107,12089
86,12354
66,12442
167,12795
272,12912
383,13030
457,13148
505,13280
333,13501
336,13765
338,13854
123,14206
156,14383
40,14559
239,14912
258,15177
279,15265
303,15618
481,15883
481,15971
367,16148
480,16324
484,16589
489,16677
229,17030
412,17295
412,17383
368,17559
299,17736
282,18001
263,18089
202,18354
202,18442
172,18795
330,18971
96,19148
96,19236
96,19324
269,19501
269,19589
269,19677
79,19854
79,19942
79,20030
313,20206
313,20294
313,20382
219,20559
219,20648
219,20736
436,20912
436,21001
436,21089
319,21265
319,21354
319,21442
221,21618
221,21706
221,21794
319,21971
180,22148
221,22324
280,22501
160,22677
94,23030
47,23118
23,23206
20,23295
102,23383
171,23648
268,23912
6,24177
80,24442
258,24618
300,24795
370,24971
145,25148
90,25501
117,25854
145,26206
235,26383
278,26559
311,26736
354,26912
385,27089
428,27265
459,27442
502,27618
390,27795
369,27971
288,28324
441,28677
288,29030
495,29206
269,29383
487,29559
261,29736
479,29912
253,30089
471,30265
261,30442
411,30618
171,30795
264,31148
54,31501
139,31854
171,32030
225,32206
244,32383
298,32559
318,32736
372,32912
391,33089
445,33265
469,33618
466,33795
333,33971
355,34148
217,34324
162,34501
126,34677
102,35030
191,35148
280,35265
434,35383
44,35736
417,36089
331,36442
423,36618
455,36795
243,37148
327,37501
145,37677
336,37854
222,38206
109,38559
31,38912
211,39265
293,39442
295,39618
212,39795
260,39971
372,40148
175,40324
327,40501
147,40677
355,40854
175,41030
147,41383
301,41559
65,41736
204,42089
123,42265
146,42442
295,42795
259,43148
353,43324
146,43501
323,43677
116,43854
293,44030
86,44207
71,44383
225,44559
188,44912
325,45089
139,45265
303,45618
216,45971
142,46148
216,46324
290,46501
216,46677
372,46912
414,47030
350,47148
393,47265
314,47383
223,48089
132,48206
121,48324
223,48442
312,48795
88,49059
90,49324
224,49501
357,49854
162,50030
202,50206
151,50912
290,51089
308,51265
225,51618
237,51971
41,52148
57,52324
79,52412
91,52501
113,52589
127,52677
146,52765
162,52854
180,52942
242,53030
78,53736
430,54001
22,54265
271,54442
267,55148
134,55265
281,55383
267,55501
40,55854
181,56206
44,56383
240,56559
306,56912
268,57089
304,57177
385,57265
149,57618
196,57736
141,57854
188,57971
135,58059
182,58148
140,58236
177,58324
145,58412
172,58501
150,58589
198,58677
464,59030
433,59206
392,59383
361,59559
320,59736
289,59912
249,60089
146,60265
318,60442
445,60618
239,60795
249,60971
384,61148
432,61324
243,61501
217,61854
297,62030
377,62206
297,62382
203,62559
297,62735
389,62912
396,63089
298,63265
304,63442
208,63618
135,63971
282,64148
91,64324
195,64674
202,64850
270,65025
277,65201
345,65376
352,65552
279,65727
448,65902
277,66078
354,66253
376,66429
164,66780
151,67131
84,67481
75,67657
160,67832
151,68008
237,68183
228,68359
301,68534
151,68708
307,68882
152,69057
329,69231
235,69580
395,69754
256,69929
329,70103
416,70278
329,70452
241,70627
176,70801
132,70888
121,70975
134,71063
172,71150
228,71237
290,71324
176,71586
428,71847
415,72109
337,72371
501,72545
488,72720
137,73067
137,73153
137,73240
278,73414
278,73500
278,73587
27,73760
27,73846
27,73933
49,74107
92,74193
123,74280
166,74367
193,74454
339,74627
380,74800
269,74974
343,75147
196,75321
178,75494
196,75841
196,75928
196,76014
90,76188
90,76275
90,76361
247,76535
247,76622
247,76708
383,76881
417,76968
412,77055
442,77141
442,77228
283,77402
496,77575
254,77748
499,77922
270,78095
305,78269
138,78615
110,78876
82,78962
151,79136
179,79222
108,79396
80,79483
54,79569
28,79656
73,79743
117,79829
162,79916
207,80003
380,80176
170,80350
318,80523
341,80696
147,80870
217,81043
271,81390
271,81477
271,81563
395,81737
395,81823
471,81997
471,82083
271,82257
271,82344
271,82430
294,82517
273,82604
296,82691
275,82777
270,82951
179,83124
179,83211
179,83298
334,83471
334,83558
334,83644
359,83818
372,84165
372,84251
372,84338
276,84511
276,84597
276,84685
400,84858
400,84944
400,85031
372,85205
353,85292
361,85378
339,85465
345,85552
265,85725
372,85899
431,86072
171,86246
381,86419
254,86592
339,86939
339,87026
339,87113
444,87286
444,87373
444,87460
325,87633
325,87720
325,87807
277,87980
245,88066
198,88153
145,88240
94,88326
232,88500
235,88673
137,88847
264,89020
165,89193
87,89367
43,89714
292,89974
292,90061
384,90234
384,90321
462,90494
462,90581
462,90667
462,90754
487,90841
460,90928
485,91015
466,91101
342,91274
252,91448
431,91621
246,91795
251,91968
43,92141
396,92488
396,92575
396,92662
124,92835
124,92922
36,93095
36,93182
275,93355
275,93442
275,93529
334,93615
391,93702
433,93789
464,93876
199,94049
466,94222
466,94309
466,94396
266,94569
266,94656
266,94743
130,94916
155,95263
155,95350
155,95436
344,95610
344,95697
344,95783
501,95956
501,96043
501,96130
252,96303
291,96390
251,96477
290,96564
253,96650
368,96824
483,96997
471,97170
357,97344
242,97517
271,97691
119,98037
119,98124
119,98211
405,98384
405,98471
405,98558
69,98731
69,98818
69,98905
359,99078
298,99165
267,99251
480,99425
144,99598
389,99772
215,99945
380,100118
237,100292
278,100465
37,100639
37,100725
37,100812
181,100985
181,101071
181,101159
43,101332
43,101419
180,101592
180,101679
314,101852
337,101938
290,102025
313,102112
270,102199
25,102373
277,102546
147,102720
301,102893
115,103066
196,103240
196,103326
196,103413
301,103587
301,103673
301,103760
151,103933
151,104020
151,104107
212,104280
212,104367
212,104454
456,104627
415,104714
358,104800
291,104887
225,104974
178,105061
111,105147
47,105234
16,105321
85,105667
152,105754
219,105841
286,105928
344,106014
