9110
9656
10474
10747
11292
11837
12656
13474
14019
14837
15656
16201
17019
17292
17837
18519
18656
18792
18928
19474
20019
20701
20838
20974
21110
21656
22201
22883
23019
23156
23292
23837
24383
25065
25201
25337
25474
26019
26565
27110
27383
27656
28474
28747
29292
29565
29837
30110
30383
30656
30928
31474
31747
32019
32292
32565
32837
33110
33656
33928
34201
34474
34747
35019
35292
35974
36110
36247
36383
36928
37474
38156
38292
38428
38565
39110
39656
40337
40474
40610
40747
41292
41837
42519
42656
42793
42928
43337
43474
43747
43883
44019
44565
44701
44837
44974
45110
45383
45656
45792
45928
46064
46201
46747
46883
47019
47156
47292
47565
47837
47974
48110
48247
48383
48928
49065
49201
49337
49474
49747
50019
50156
50292
50429
50565
51110
51247
51383
51519
51656
51928
52201
52337
52474
52610
52747
53292
53428
53565
53701
53837
54110
54383
54519
54656
54792
54928
55474
55610
55747
55883
56019
56292
56565
56701
56837
56974
57110
57656
57792
57928
58064
58201
58474
58747
58883
59019
59155
59292
59837
59974
60110
60247
60383
60792
60928
61337
61474
61883
62019
62156
62292
62428
62565
62837
63110
63247
63383
63520
63656
64065
64201
64474
64610
64747
64883
65156
65292
65565
65837
66247
66383
66519
66656
66792
66928
67065
67474
67610
67747
67883
68019
68428
68565
68837
69110
69383
69656
70065
70201
70747
70883
71019
71156
71292
71428
71837
71974
72110
72247
72383
72928
73201
73337
73474
73610
74019
74156
74292
74428
74565
75110
75383
75519
75656
75792
76201
76337
76474
76610
76747
77156
77292
77565
77837
78247
78383
78792
78928
79337
79474
79747
79884
80156
80293
80565
80702
80974
81110
81519
81656
81928
82065
82337
82474
82747
83156
83292
83837
84247
84656
85065
85474
86019
86292
86565
86974
87110
87383
87656
88065
88201
88474
88883
89019
89292
89565
89837
90247
90383
90792
91065
91201
91474
91747
91883
92019
92428
92565
92974
93383
93656
93792
93928
94064
94201
94747
95292
95837
96383
105110
105383
105656
106201
106474
106747
107019
107292
107837
108383
108928
109474
110019
110565
110837
111110
111656
111928
112201
112473
112747
113019
113292
113837
113974
114110
114247
114384
114520
114656
114792
114928
115065
115337
115474
115883
116019
116156
116292
116428
116565
116974
117110
117519
117656
117928
118201
118337
118474
118610
118747
118883
119019
119292
119428
119837
120110
120383
120519
120656
120792
120928
121201
121474
121747
122019
122292
122565
122701
122837
123110
123383
123519
123656
123928
124201
124337
124474
124610
124747
125156
125292
125428
125565
125837
126247
126383
126656
126928
127337
127474
127610
127747
127883
128019
128292
128565
128974
129110
129656
130201
130747
131292
131837
132383
132928
133201
133474
133883
134019
134292
134565
134701
134837
134974
135110
135247
135383
135519
135656
136065
136201
136474
136747
136883
137019
137156
137292
137429
137565
137701
137837
138247
138383
138656
138928
139065
139201
139337
139474
139610
139747
139883
140019
140428
140565
140837
141110
141247
141383
141519
141656
141792
141929
142065
142201
142610
142747
142883
143019
143156
143292
143565
143837
144110
144383
144792
144928
145065
145201
145337
145474
145747
146019
146292
146565
146974
147110
147247
147383
147519
147656
147928
148201
148473
148747
149156
149292
149565
149837
150383
150928
151337
151474
151883
152156
152292
152428
152565
152837
153110
153519
153656
153792
153928
154065
154201
154474
154610
154747
155019
155292
155701
155837
156247
156383
156656
156928
157201
157337
157474
157883
158019
158156
158292
158429
158565
158974
159110
159247
159383
159656
159928
160201
160474
160747
161019
161292
161428
161565
161837
162247
162383
162519
162656
162928
163065
163201
163474
163747
164019
164292
164565
164837
165110
165383
165656
165929
166201
166610
166747
166883
167019
167156
167292
167565
167837
168110
168383
168792
168928
169201
169337
169610
170019
170156
170292
170565
170974
171110
171247
171383
171519
171656
171928
172201
172474
172747
173019
173292
173701
173837
174110
174247
174383
174928
175337
175474
175747
176019
176428
176565
176837
177110
177383
177656
177929
178201
178474
178747
179020
179292
179701
179837
180110
180383
180656
180928
181474
181747
182019
182428
182701
182837
183110
183383
183656
184065
184201
184474
184747
185156
185292
185565
185837
194565
194837
195110
195247
195519
195656
196201
196474
196747
196883
197019
197292
197428
197837
198247
198383
198656
198928
199201
199610
200019
200565
200837
201110
201383
201656
201792
202065
202201
202610
202747
203292
205474
205883
206019
206292
206564
206837
207110
207382
207656
208065
208201
208337
208474
208610
208747
209019
209292
209565
209837
210247
210383
210519
210656
210928
211201
211474
211747
212019
212428
212565
212837
213110
213383
213656
213792
213928
214065
214201
214610
214747
214883
215019
215156
215292
215565
215837
216110
216383
216792
216928
217201
217474
217883
218019
218292
218565
218974
219110
219383
219656
220065
220201
220474
220747
221156
221292
221565
221701
221837
222383
222928
223474
223610
223747
223883
224019
224156
224292
224428
224565
224837
225110
225656
225792
225928
226064
226201
226337
226474
226610
226747
227019
227292
227837
227974
228110
228247
228383
228519
228656
228792
228928
229201
229474
230019
230156
230292
230428
230565
230701
230837
230974
231110
231383
231656
232201
232337
232474
232610
232747
232883
233019
233155
233292
233565
233837
234383
234519
234656
234792
234928
235065
235201
235337
235474
235747
236019
236565
236702
236837
236974
237110
237247
237383
237519
237656
237928
238201
238747
238883
239019
239156
239292
239837
240110
240247
240383
240519
