1079
1745
2856
3523
4412
4634
5301
6190
6412
7078
7523
8190
8856
9301
9967
11078
11745
12078
12190
12523
12856
13078
13190
13301
13413
13523
13856
13967
14301
14523
14634
14856
14967
15078
15190
15301
15634
15745
16078
16412
16634
16745
16856
16967
17078
17190
17412
17634
17745
17967
18078
18190
18301
18412
18523
18634
18745
18856
19301
19634
19745
19967
20190
20523
20634
20856
21078
21412
21745
21967
22190
22301
22412
22856
23190
23523
23745
23967
24078
24190
24412
24523
24634
24967
25245
25301
25523
25745
25967
26412
26523
26745
27078
27301
27745
27967
28190
28523
28634
28856
28967
29078
29301
29523
29967
30190
30301
30634
30856
31078
31301
31523
31634
31745
31967
32078
32356
32412
32634
32856
33078
33523
33856
34190
34412
34745
34856
35078
35301
35523
35634
35967
36190
36412
36634
37078
37301
37412
37745
37967
38301
38412
38634
38745
38856
39078
39190
39412
39467
39523
39745
39967
40190
40634
40967
41301
41523
41745
41967
42190
42412
42634
42745
43078
43301
43523
43745
44078
44190
44523
44856
45078
45412
45523
45745
45856
45967
46078
46301
46412
46523
46634
46745
46856
47078
47301
47967
49078
49745
50634
50856
51523
52412
52634
53301
53412
53523
53745
54412
54856
55301
55745
56190
56634
57078
57522
57967
58190
58412
58635
58856
59079
59301
59524
59745
59856
59967
60190
60634
61078
61523
61745
61967
62190
62412
62634
62745
63078
63301
63523
63634
63745
63967
64190
64412
64523
64856
65078
65301
65412
65745
65967
66190
66412
66634
66856
67301
67745
67856
67967
68190
68412
68523
68634
69078
69412
69745
69967
70078
70301
70412
70745
70856
71078
71190
71523
71745
71967
72190
72523
72856
73190
73301
73523
73634
73745
73856
73967
74301
74412
74523
74634
74745
74856
74967
75078
75189
75301
75412
75523
75634
75745
75967
76190
76412
76634
76856
76967
77301
77412
77523
77745
77967
78190
78412
78634
78745
79078
79301
79634
79745
79967
80078
80412
80634
80745
80967
81078
81412
81523
81856
81967
82078
82190
82412
82634
82745
82856
83301
83523
83634
83745
83856
83967
84078
84190
84301
84412
84523
84634
84745
85301
85523
85967
86412
86745
86856
87190
87523
87745
87856
87967
88078
88190
88523
88634
88967
89301
89523
89634
89745
89856
89967
90301
90412
90745
91078
91301
91412
91523
91634
91745
92190
92301
92412
92856
93078
93190
93301
93413
93523
93856
93967
94301
94634
94856
95078
95190
95301
95634
95745
96078
96190
96412
96523
96634
96856
97078
97412
97523
97856
98190
98412
98634
98745
98856
99190
99301
99412
99634
99745
99856
99967
100078
100190
100412
100634
100967
101078
101301
101412
101745
101967
102190
102301
102412
102745
102856
103190
103301
103412
103523
103745
103967
104190
104523
104634
104967
105301
105523
105745
105967
106190
106301
106412
106523
106634
106745
106856
106967
107078
107189
107301
107412
107523
107634
107745
107967
108078
108190
108412
108523
108634
108745
108856
108967
109078
109412
109523
109856
109967
110190
110412
110523
110856
111078
111301
111523
111634
111745
111967
112078
112189
112412
112523
112634
112856
112967
113078
113412
113523
113745
113967
114190
114412
114634
114856
115190
115301
115523
115745
116078
116190
116523
116634
116856
116967
117078
117190
117301
117412
117523
117745
117967
118412
118523
118745
118856
119078
119190
119412
119634
119745
119967
120190
120523
120634
120856
121078
121190
121301
121412
121523
121967
122190
122412
122635
122856
123078
123190
123523
123634
123745
123967
124190
124412
124634
124856
124967
125301
125523
125745
125856
126190
126412
126523
126634
126856
126967
127190
127301
127634
127745
128078
128190
128301
128412
128634
128856
128967
129078
129412
129523
129745
129967
130078
130190
130412
130523
130745
130856
131301
131634
131967
132190
132412
132634
132967
133301
133634
133967
134078
134190
134301
134412
134523
134634
134856
134967
135078
135189
135301
135412
135523
135634
135745
135856
135967
136078
136190
136412
136634
136856
137078
137301
137412
137745
137856
137967
138190
138412
138634
138856
139078
139190
139523
139745
140078
140190
140523
140856
141078
141190
141412
141523
141856
141967
142301
142412
142523
142634
142856
142967
143190
143301
143634
143745
143967
144078
144190
144301
144412
144523
144634
144745
144856
144967
145078
145190
145745
145967
146412
146856
147190
148634
150301
150412
150634
152190
152523
152856
153523
153745
153967
154301
155745
157412
157523
157745
159301
159634
159745
159967
160078
160190
160523
160634
160856
161078
161523
161745
161967
162634
162856
163523
163745
164078
164412
164634
164967
165301
165523
166190
166412
167078
167301
167634
167967
168190
168634
168856
169078
169745
169967
170634
170856
171190
171523
171745
172078
172412
172634
173301
173523
173856
173967
174190
174412
174745
175078
175301
175634
175745
175967
176190
176856
177078
177412
177523
177745
177967
178301
178634
178856
179190
179301
179523
179745
180412
180634
180967
181078
181301
181523
181856
182190
182412
183078
183301
183967
184190
184856
185078
185745
185967
186190
186412
186635
186855
187078
187301
187524
187745
187856
187967
188190
188523
188856
189190
189523
189634
189745
189967
190190
190412
190634
190856
190967
191190
191301
191745
191967
192190
192412
192634
192745
192856
192967
193078
193412
193745
193967
194190
194412
194523
194745
194856
195301
195745
195967
196190
196412
196523
196634
196967
197301
197523
197745
197967
198078
198301
198412
198856
199078
199301
199523
199745
199967
200190
200301
200523
200856
200967
201190
201523
201634
201745
201856
201967
202078
202412
202634
202745
202856
202967
203078
203189
203301
203412
203523
203634
203745
203967
204190
204412
204634
204856
204967
205301
205412
205523
205745
205967
206190
206412
206634
206745
207078
207301
207634
207745
208078
208412
208634
208745
208967
209078
209523
209856
209967
210078
210190
210413
210634
210745
210856
211190
211301
211523
211634
211745
211856
211967
212078
212190
212301
212412
212523
212634
212745
212856
213078
213301
213375
213449
213523
213597
213967
214412
214856
215190
215523
215745
215856
216078
216190
216634
216967
217190
217301
217523
217634
217856
217967
218412
218745
218967
219078
219301
219412
219634
219745
220190
220523
220745
220856
221078
221189
221412
221523
221967
222301
222412
222523
222634
222745
222856
222967
223078
223189
223301
223412
223967
224190
224634
225078
225412
225523
225856
226190
226412
226523
226634
226745
226856
227190
227301
227634
227967
228190
228301
228412
228523
228634
228967
229078
229412
229745
229967

