2784
3096
3431
4033
4189
4345
4669
5294
5450
5606
5919
6231
6387
6544
7012
7169
7794
7950
8106
8419
8731
8887
9044
9356
9993
10149
10305
10618
11243
11399
11555
11868
12024
12180
12805
13118
13743
13899
14055
14368
14993
15305
15461
15618
15930
16243
16399
16868
17024
17180
17786
18098
18723
18879
19036
19348
19973
20286
20442
20598
21223
21379
21840
21996
22152
22777
23090
23715
23871
24027
24340
25306
25462
25618
26243
26399
26556
26868
27181
27806
27962
28118
28743
29056
29212
29368
30285
30441
30606
31231
31387
31543
32168
32806
32962
33118
33431
33743
34056
34524
34681
34993
35306
35618
36087
36399
36556
37024
37181
37806
37962
38118
38587
38743
38899
39056
39368
39837
39993
40306
40618
40931
41243
41399
41556
42024
42181
42806
42962
43118
43274
43431
43587
43743
43899
44056
44368
44681
44993
45306
45462
45618
45774
45931
46087
46243
46399
46556
46868
47181
47493
47806
47962
48118
48274
48431
48587
48743
48899
49056
49368
49681
49993
50306
50618
50931
51243
51556
51868
52181
52806
53118
53274
53431
53899
54056
54681
55306
55774
55931
56399
56556
57181
57806
58118
58274
58431
58743
58899
59056
59368
59681
59993
60306
60618
60931
61243
61556
61868
62181
62493
62649
62806
63118
63431
63743
64056
64368
64681
64993
65306
65462
65618
65774
65931
66087
66243
66399
66556
66868
67181
67493
67806
67962
68118
68274
68431
68587
68743
68899
69056
69368
69681
69993
70306
70618
70931
71243
71556
71868
72181
72493
72649
72806
73118
73274
73431
73743
73899
74056
74368
74681
74993
75306
75618
75774
75918
76230
76386
76543
76855
77168
77480
77806
77962
78118
78274
78431
78587
78743
78899
79056
79368
79681
79993
80306
80774
80931
81243
81399
81556
81868
82024
82181
82493
82649
82806
83118
83431
83743
84056
84368
84681
84837
84993
85149
85306
92806
95306
95462
95618
95931
96087
96243
96556
96712
96868
97181
97337
97493
97806
98118
98587
98743
99056
99524
99681
100306
100462
100618
101087
101243
101556
101712
101868
102181
102649
102806
103118
103431
103899
104056
104524
104681
105306
105462
105618
106243
106399
106556
106868
107493
107649
107806
108118
108743
108899
109368
109524
109681
110306
110462
110618
111243
111556
111712
111868
112493
112649
112806
113118
113743
113899
114368
114524
114681
115306
115462
115618
115774
115931
116087
116243
116399
116556
117181
117806
117962
118118
118274
118431
118587
118743
118899
119056
119681
120306
120462
120618
120774
120931
121087
121243
121399
121556
122181
122806
123118
123431
123743
124056
124368
124681
124993
125149
125306
125618
125931
126243
126556
126868
127181
127493
127806
128118
128274
128431
128743
128899
129056
129368
129681
129993
130306
130462
130618
130774
130931
131087
131243
131399
131556
131868
132181
132493
132806
133274
133431
133587
133743
133899
134056
134212
134368
134524
134681
134837
134993
135149
135306
135774
135931
136087
136243
136399
136556
136712
136868
137024
137181
137337
137493
137649
137806
137962
138118
138431
138587
138743
139056
139212
139368
139681
139837
139993
140306
140618
141087
141243
141399
141556
142024
142181
142806
142962
143118
143431
143587
143743
144056
144212
144368
144681
144837
144993
145306
145462
145618
145931
146399
146868
147024
147181
147806
148118
148431
148587
148743
148899
149056
149368
149681
149837
149993
150306
150618
150931
151087
151243
151399
151556
151868
152181
152337
152493
152649
152806
153118
153431
153587
153743
153899
154056
154368
154681
154837
154993
155149
155306
155618
155931
156087
156243
156399
156556
157024
157181
157806
158118
158274
158431
158743
158899
159056
159368
159681
159993
160306
160618
160774
160931
161243
161399
161556
161868
162181
162493
162649
162806
163118
163274
163431
163743
163899
164056
164368
164681
164993
165306
165618
165931
166243
166556
166868
167181
167493
167649
167806
168274
168431
168899
169056
169368
169681
169993
170306
170618
170774
170931
171399
171556
171868
172181
172493
172806
172962
173118
173274
173431
173587
173743
173899
174056
174681
175306
175774
175931
176243
176556
176898
177256
177628
178000
178156
178312
178625
178781
178937
179250
179406
179562
179875
180031
180187
180500
180812
181437
181593
182062
182218
182375
183000
183156
183312
183781
183937
184250
184406
184562
184875
185343
185500
185812
186125
186593
186750
187218
187375
188000
188312
188625
188781
188937
189093
189250
189562
189875
190031
190187
190500
190812
191125
191281
191437
191593
191750
192062
192375
192531
192687
192843
193000
193312
193625
193781
193937
194093
194250
194562
194875
195031
195187
195343
195500
198000
198156
198312
198625
198781
198937
199250
199562
199875
200187
200500
200656
200812
201125
201437
201593
201749
202062
203000
203156
203312
203625
203781
203937
204250
204562
204875
205187
205500
205656
205812
206125
206437
206750
207062
207375
207453
