128,2784
64,3096
56,3431
208,4033
252,4189
300,4345
248,4669
384,5294
424,5450
464,5606
468,5919
448,6231
448,6387
468,6544
268,7012
204,7169
320,7794
268,7950
240,8106
100,8419
176,8731
176,8887
240,9044
268,9356
444,9993
444,10149
372,10305
236,10618
12,11243
56,11399
152,11555
128,11868
204,12024
292,12180
496,12805
380,13118
444,13743
372,13899
308,14055
236,14368
40,14993
47,15305
47,15461
112,15618
128,15930
268,16243
336,16399
432,16868
432,17024
391,17180
264,17786
208,18098
308,18723
308,18879
272,19036
280,19348
48,19973
176,20286
176,20442
236,20598
460,21223
460,21379
452,21840
452,21996
468,22152
192,22777
256,23090
80,23715
80,23871
84,24027
184,24340
256,25306
236,25462
264,25618
468,26243
468,26399
400,26556
284,26868
160,27181
52,27806
124,27962
192,28118
428,28743
336,29056
392,29212
420,29368
188,30285
204,30441
268,30606
392,31231
392,31387
392,31543
180,32168
44,32806
44,32962
56,33118
163,33431
269,33743
324,34056
460,34524
472,34681
344,34993
425,35306
316,35618
140,36087
36,36399
104,36556
96,37024
32,37181
256,37806
300,37962
367,38118
489,38587
467,38743
467,38899
412,39056
277,39368
80,39837
52,39993
88,40306
192,40618
296,40931
232,41243
232,41399
160,41556
28,42024
32,42181
412,42806
460,42962
472,43118
448,43274
376,43431
352,43587
268,43743
168,43899
60,44056
292,44368
96,44681
296,44993
160,45306
244,45462
292,45618
292,45774
160,45931
184,46087
244,46243
316,46399
404,46556
354,46868
440,47181
351,47493
264,47806
228,47962
156,48118
68,48274
28,48431
72,48587
156,48743
256,48899
372,49056
148,49368
384,49681
152,49993
300,50306
148,50618
384,50931
256,51243
256,51556
256,51868
256,52181
256,52806
316,53118
256,53274
196,53431
128,53899
128,54056
384,54681
264,55306
432,55774
393,55931
480,56399
412,56556
100,57181
312,57806
271,58118
271,58274
344,58431
372,58743
372,58899
444,59056
440,59368
316,59681
440,59993
296,60306
296,60618
116,60931
296,61243
296,61556
72,61868
40,62181
72,62493
72,62649
72,62806
220,63118
328,63431
184,63743
220,64056
264,64368
328,64681
384,64993
460,65306
372,65462
264,65618
156,65774
68,65931
176,66087
288,66243
384,66399
288,66556
68,66868
284,67181
24,67493
264,67806
196,67962
124,68118
56,68274
172,68431
268,68587
360,68743
424,68899
480,69056
332,69368
268,69681
140,69993
128,70306
144,70618
212,70931
228,71243
324,71556
412,71868
496,72181
428,72493
428,72649
428,72806
272,73118
188,73274
92,73431
124,73743
204,73899
280,74056
228,74368
344,74681
164,74993
352,75306
448,75618
296,75774
141,75918
144,76230
248,76386
376,76543
304,76855
236,77168
168,77480
56,77806
20,77962
20,78118
52,78274
140,78431
196,78587
196,78743
168,78899
72,79056
256,79368
256,79681
256,79993
256,80306
256,80774
304,80931
412,81243
412,81399
452,81556
348,81868
348,82024
232,82181
292,82493
292,82649
208,82806
40,83118
376,83431
312,83743
188,84056
143,84368
312,84681
431,84837
430,84993
312,85149
503,85306
256,92806
136,95306
80,95462
72,95618
440,95931
432,96087
376,96243
208,96556
176,96712
112,96868
400,97181
336,97337
304,97493
108,97806
132,98118
240,98587
288,98743
384,99056
312,99524
240,99681
228,100306
228,100462
228,100618
400,101087
472,101243
484,101556
484,101712
420,101868
280,102181
76,102649
40,102806
144,103118
248,103431
416,103899
484,104056
476,104524
408,104681
88,105306
88,105462
88,105618
144,106243
144,106399
188,106556
288,106868
388,107493
388,107649
388,107806
348,108118
92,108743
92,108899
256,109368
256,109524
256,109681
468,110306
468,110462
468,110618
476,111243
402,111556
402,111712
332,111868
304,112493
304,112649
304,112806
260,113118
124,113743
124,113899
288,114368
288,114524
356,114681
72,115306
24,115462
96,115618
96,115774
188,115931
268,116087
304,116243
304,116399
224,116556
376,117181
484,117806
460,117962
376,118118
376,118274
316,118431
340,118587
264,118743
264,118899
240,119056
20,119681
324,120306
408,120462
472,120618
472,120774
416,120931
408,121087
448,121243
448,121399
480,121556
32,122181
256,122806
256,123118
256,123431
256,123743
256,124056
256,124368
256,124681
256,124993
256,125149
344,125306
432,125618
316,125931
220,126243
400,126556
268,126868
499,127181
173,127493
484,127806
372,128118
276,128274
144,128431
52,128743
140,128899
284,129056
320,129368
356,129681
388,129993
312,130306
244,130462
212,130618
216,130774
284,130931
312,131087
292,131243
212,131399
116,131556
168,131868
260,132181
244,132493
468,132806
380,133274
452,133431
480,133587
468,133743
400,133899
320,134056
260,134212
252,134368
300,134524
332,134681
252,134837
184,134993
156,135149
148,135306
80,135774
148,135931
240,136087
336,136243
432,136399
492,136556
380,136712
264,136868
164,137024
108,137181
236,137337
376,137493
488,137649
376,137806
268,137962
164,138118
136,138431
244,138587
348,138743
312,139056
208,139212
104,139368
200,139681
304,139837
408,139993
256,140306
116,140618
124,141087
124,141243
192,141399
192,141556
184,142024
127,142181
464,142806
464,142962
432,143118
224,143431
224,143587
259,143743
336,144056
232,144212
120,144368
44,144681
148,144837
260,144993
460,145306
400,145462
324,145618
52,145931
273,146399
312,146868
396,147024
500,147181
68,147806
104,148118
212,148431
232,148587
288,148743
268,148899
364,149056
328,149368
232,149681
140,149837
148,149993
120,150306
248,150618
384,150931
456,151087
420,151243
492,151399
384,151556
220,151868
360,152181
280,152337
124,152493
204,152649
400,152806
164,153118
360,153431
320,153587
244,153743
280,153899
212,154056
188,154368
376,154681
280,154837
88,154993
184,155149
384,155306
72,155618
280,155931
240,156087
184,156243
228,156399
316,156556
492,157024
460,157181
188,157806
184,158118
228,158274
344,158431
96,158743
184,158899
36,159056
220,159368
344,159681
220,159993
16,160306
156,160618
128,160774
176,160931
268,161243
320,161399
400,161556
112,161868
396,162181
116,162493
116,162649
116,162806
176,163118
256,163274
256,163431
256,163743
256,163899
371,164056
140,164368
396,164681
116,164993
256,165306
348,165618
104,165931
408,166243
164,166556
256,166868
348,167181
256,167493
256,167649
256,167806
164,168274
164,168431
164,168899
164,169056
404,169368
88,169681
452,169993
82,170306
304,170618
404,170774
452,170931
172,171399
52,171556
452,171868
88,172181
404,172493
168,172806
260,172962
348,173118
404,173274
392,173431
300,173587
200,173743
108,173899
76,174056
416,174681
256,175306
256,175774
272,175931
392,176243
104,176556
176,176898
160,177256
168,177628
32,178000
88,178156
176,178312
480,178625
424,178781
336,178937
80,179250
120,179406
204,179562
432,179875
392,180031
308,180187
92,180500
204,180812
228,181437
228,181593
300,182062
300,182218
300,182375
468,183000
468,183156
468,183312
356,183781
426,183937
304,184250
304,184406
232,184562
96,184875
228,185343
296,185500
384,185812
472,186125
475,186593
456,186750
263,187218
192,187375
56,188000
164,188312
224,188625
236,188781
260,188937
248,189093
352,189250
436,189562
416,189875
336,190031
194,190187
156,190500
84,190812
220,191125
372,191281
304,191437
428,191593
472,191750
264,192062
340,192375
256,192531
100,192687
172,192843
340,193000
320,193312
460,193625
424,193781
272,193937
360,194093
460,194250
340,194562
260,194875
352,195031
160,195187
76,195343
256,195500
40,198000
40,198156
40,198312
472,198625
472,198781
472,198937
112,199250
132,199562
256,199875
380,200187
400,200500
424,200656
444,200812
256,201125
68,201437
88,201593
112,201749
256,202062
428,203000
328,203156
228,203312
84,203625
184,203781
284,203937
472,204250
40,204562
472,204875
40,205187
364,205500
280,205656
256,205812
56,206125
256,206437
456,206750
364,207062
220,207375
256,207453
