304,235
116,526
124,671
188,817
304,1400
440,1982
216,2565
272,2856
336,3001
408,3147
328,3730
460,4021
348,4312
172,4895
84,5040
144,5186
300,5623
276,5768
256,5914
316,6060
376,6497
376,6642
112,7225
96,7807
316,8390
332,8972
216,9555
416,9846
376,9992
312,10137
444,10720
324,11302
360,11885
224,12176
132,12322
160,12468
120,13050
240,13633
340,14215
276,14361
192,14506
48,14943
104,15089
24,15234
84,15380
216,15817
216,15963
296,16254
188,16545
324,17128
256,17710
72,18875
164,19167
32,19458
208,19749
112,20040
204,20186
292,20332
136,20768
204,20914
380,21205
416,21497
484,21788
312,22080
496,22370
400,22516
296,22662
240,23099
244,23244
244,23390
352,23535
464,23681
352,23827
96,25574
232,25720
96,25866
232,26011
96,26157
304,27904
304,28050
304,28196
212,28487
344,28778
192,29069
324,29361
264,29506
252,29652
408,30089
336,30526
232,30817
160,31108
72,31400
24,31691
128,31836
224,31982
384,32419
320,32565
320,32710
144,32856
248,33001
144,33147
140,33584
175,33730
243,33875
216,34021
90,34167
183,34312
216,34458
57,34603
4,34749
159,34895
57,35040
72,35186
188,35623
288,35768
248,36060
360,36351
208,36642
392,36934
120,37225
288,37516
192,37953
448,38681
368,38827
336,38972
468,39118
384,39264
228,39846
88,40283
88,40574
92,40866
208,41011
240,41157
312,41302
396,41448
320,41594
260,41739
260,41885
308,42031
448,42176
368,42613
248,42904
128,43196
204,43341
388,43633
268,43924
324,44215
148,44506
308,44943
188,45234
208,45380
296,45526
104,45963
64,46108
148,46254
24,46400
152,46545
20,46691
232,46836
412,47273
192,48001
208,48146
294,48292
278,48438
140,48584
112,48730
212,48875
241,49021
144,49167
228,49603
136,50186
400,50332
156,50477
376,50623
200,50768
328,50914
280,51060
252,51205
336,51351
204,51497
196,51934
300,52516
128,52662
72,53099
300,53535
368,53681
300,53827
136,54264
60,54555
176,54846
28,55137
144,55429
288,55866
288,56011
288,56157
236,56594
224,56739
428,57322
288,57613
324,57904
392,58196
260,58487
104,58924
104,59069
272,59652
220,59798
232,59943
288,60089
284,60234
200,60380
216,60526
304,60671
428,60817
380,61254
308,61545
256,61836
184,61982
140,62128
328,62273
372,62419
140,62565
96,62711
372,62856
416,63002
320,63147
256,63584
112,63875
144,64021
176,64167
84,64603
216,64895
452,65040
372,65186
296,65332
296,65477
224,65914
224,66060
356,66642
320,66934
156,67225
192,67516
192,67662
192,67807
333,68244
333,68390
256,68827
256,68972
208,69118
304,69263
184,69409
328,69554
184,69701
328,69846
120,69992
392,70137
288,70574
288,70720
340,71157
196,71302
140,71594
24,71885
80,72176
192,72468
368,72904
240,73487
128,73633
320,74215
112,74798
76,75089
200,75380
360,75671
208,75963
248,76108
360,76254
300,76691
300,76836
396,77128
180,77419
308,77710
92,78001
164,78293
252,78438
280,78584
136,79021
292,79167
292,79312
392,79458
484,79603
392,79749
392,80040
304,80332
304,80623
304,80768
304,80914
208,81205
208,81497
96,81788
96,81934
96,82079
192,82370
288,82662
172,82807
288,82953
244,83244
112,83535
216,83827
216,83972
316,84118
256,84409
432,84701
140,84992
292,85283
256,85429
160,85574
52,86011
208,86448
280,86739
352,87031
136,87322
148,87613
240,87759
344,87904
280,88341
193,88487
178,88633
289,88778
124,88924
280,89069
448,89361
439,89506
391,89652
318,89797
96,89943
162,90088
251,90234
337,90379
244,90526
176,90671
120,90817
304,90963
136,91108
300,91400
184,91691
197,91836
272,91982
375,92127
356,92273
275,92418
143,92564
68,92709
208,92856
352,93001
88,93147
472,93293
380,93438
180,93730
276,93875
132,94603
80,94749
200,94895
112,95040
20,95186
268,95477
248,95768
416,96060
344,96205
320,96497
296,96788
412,96934
256,97079
412,97225
348,97370
176,97516
336,97662
152,97807
296,97953
244,98099
72,98390
152,98535
188,98827
108,98972
256,99264
471,99409
334,99555
392,99701
184,99846
248,99992
96,100137
335,100283
228,100429
248,100866
108,101157
64,101302
100,101448
224,101885
216,102176
464,102322
320,102468
360,102613
356,102759
364,103196
448,103633
248,103924
136,104069
248,104215
240,104506
144,104652
240,104798
74,105089
24,105526
444,106108
88,106254
416,106400
112,106545
388,106691
136,106836
248,106982
280,107128
152,107273
380,107419
436,107856
252,108293
180,108584
224,109021
20,109458
128,109603
28,109749
68,110186
84,110477
100,110768
232,111351
232,111497
232,111642
128,112079
260,112516
260,112662
448,113244
420,113390
428,113535
400,113681
312,113827
156,114118
184,114409
240,114846
392,115429
392,115574
144,115866
408,116157
112,116448
248,116739
76,117176
192,117468
76,117613
311,117905
275,118051
208,118196
416,118341
136,118487
400,118633
176,118778
384,118924
304,119069
272,119506
136,119798
204,119943
272,120089
164,120526
244,120817
456,120963
400,121108
300,121254
356,121400
356,121836
356,121982
208,122565
120,122710
208,122856
120,123001
52,123147
208,123293
52,123438
208,123584
80,123730
252,124167
251,124312
256,124749
256,124895
384,125040
80,125186
432,125332
128,125477
336,125623
256,125768
176,125914
256,126060
160,126497
356,126642
396,127079
312,127225
176,127662
56,128099
136,128244
176,128390
324,128827
324,128972
412,129264
280,129555
132,129701
320,129846
92,130137
376,130720
308,131011
204,131302
136,131594
240,131885
308,132031
184,132176
72,132613
220,133050
416,133341
236,133633
372,133924
316,134215
184,134361
304,134506
144,134943
224,135089
248,135234
120,135380
120,135526
120,135671
264,136108
264,136254
120,136691
120,136836
220,137273
220,137419
432,137710
432,137856
432,138001
288,138438
288,138584
240,139021
240,139167
392,139603
392,139749
136,140040
276,140332
236,140623
376,140914
264,141205
364,141351
236,141497
44,141934
404,142370
308,142662
92,142953
186,143245
356,143535
236,143681
288,143827
432,144264
304,144409
308,144555
429,144701
229,144846
432,144992
344,145283
260,145429
260,145574
343,145720
344,145866
260,146011
149,146157
122,146302
233,146448
476,146594
352,146739
481,146885
357,147031
432,147322
224,147613
224,147759
136,147904
317,148050
229,148196
11,148341
80,148487
310,148633
161,148778
446,148924
351,149069
66,149215
256,149361
256,149652
256,149798
256,150089
376,150234
376,150526
172,150671
172,150963
308,151108
308,151400
140,151545
140,151836
24,151982
24,152273
140,152419
140,152710
236,152856
236,153147
303,153293
401,153439
393,153584
292,153729
448,154021
432,154312
200,154458
216,154749
376,154895
392,155186
180,155332
163,155623
68,155768
84,156060
252,156205
269,156497
208,156642
191,156934
388,157079
296,157225
283,157370
396,157516
183,157662
363,157807
348,157953
257,158099
336,158244
270,158390
256,158681
360,158972
336,159118
152,159409
176,159555
256,159846
256,160137
364,160429
336,160574
240,160720
368,161011
144,161302
336,161448
296,161739
464,161885
236,162176
104,162322
252,162468
100,162613
264,162759
224,163050
148,163341
182,164069
263,164215
129,164361
264,164506
452,164943
400,165089
448,165234
360,165380
472,165526
352,165671
416,166108
288,166254
148,166400
224,166545
224,166691
88,166836
188,166982
184,167128
92,167273
288,167419
164,167565
360,167710
456,168001
280,168293
356,168584
312,168875
368,169167
484,169312
376,169458
272,169895
88,170332
328,170623
402,170914
236,171205
136,171497
212,171642
316,171788
320,172225
432,172370
480,172516
496,172662
336,172807
384,172953
268,173244
96,173535
192,173681
84,173827
170,174118
200,174409
380,174701
365,174846
476,174992
311,175137
467,175283
280,175574
368,175866
368,176011
276,176157
322,176448
169,176739
88,177176
252,177322
160,177613
352,177904
260,178196
76,178487
40,178633
152,178778
336,179215
236,179361
272,179652
240,179943
388,180234
123,180526
320,180817
188,180963
320,181108
352,181545
172,181691
280,181836
280,181982
128,182128
264,182273
432,182565
468,182710
392,182856
376,183001
288,183147
280,183293
200,183438
160,183584
76,183730
160,183875
436,184021
352,184166
216,184312
296,184603
264,184895
76,185040
212,185186
420,185332
284,185477
112,185623
192,185768
360,185914
240,186060
456,186205
272,186351
56,186496
172,186642
340,186934
136,187225
376,187517
472,187807
336,187953
296,188099
332,188535
376,188681
196,188972
316,189264
112,189555
400,189847
216,190137
316,190283
216,190429
360,190866
208,191011
412,191157
280,191302
288,191448
424,191594
264,191885
64,192176
112,192322
64,192468
208,192759
384,193050
332,193341
288,193487
336,193633
440,193778
260,193924
480,194215
336,194506
164,194652
260,194798
232,195089
412,195380
128,195671
128,195817
128,195963
324,196254
288,196545
32,196836
180,197128
360,197273
252,197419
340,197856
160,198001
384,198293
92,198584
288,198875
196,199167
320,199458
212,199603
104,199749
264,200186
124,200332
232,200477
76,200623
280,200768
160,200914
180,201205
323,201351
219,201496
75,201642
232,201788
344,201934
148,202079
372,202225
192,202370
248,202516
328,202662
75,202807
180,202953
372,203244
140,203390
176,203535
384,203681
32,203827
336,203972
256,204118
256,204264
480,204409
128,204555
96,204701
424,204846
404,204992
28,205137
256,205283
